37
38
48
56
74
85
95
96
101
110
111
114
118
119
124
126
127
128
129
133
138
139
140
164
169
176
182
194
208
209
217
220
221
223
224
232
238
246
252
257
259
270
271
272
273
274
278
291
305
313
321
323
331
336
353
355
359
363
373
389
392
413
422
432
434
439
471
473
479
487
514
535
544
547
557
581
608
618
623
631
669
680
685
723
727
731
734
746
753
812
830
855
859
873
880
931
940
949
954
995
998
1002
1009
1014
1028
1035
1076
1077
1087
1089
1091
1092
1098
1103
1104
1111
1112
1116
1117
1128
1135
1146
1155
1157
1163
1165
1171
1178
1183
1193
1315
1328
1333
1338
1340
1350
1354
1442
1450
1453
1471
1483
1498
1515
1517
1533
1573
1577
1620
1642
1704
1713
1744
1765
1780
1782
1786
1787
1789
1845
1877
1885
1923
1928
1932
1936
1940
1944
1952
1956
1970
1977
1997
2010
2014
2020
2043
2048
2057
2063
2108
2117
2154
2156
2160
2168
2177
2178
2184
2186
2220
2234
2239
2241
2253
2352
2418
2431
2439
2442
2448
2458
2467
2478
2487
2490
2492
2502
2552
2564
2568
2601
2624
2628
2633
2653
2662
2672
2689
2691
2695
2704
2749
2754
2782
2786
2790
2801
2805
2809
2819
2823
2835
2849
2858
2943
2964
3068
3082
3087
3091
3145
3170
3220
3225
3231
3345
3366
3402
3413
3430
3459
3561
3564
3578
3582
3587
3595
3597
3602
3675
3685
3691
3712
3743
3745
3747
3749
3754
3758
3772
3774
3779
3802
3804
3806
3846
3857
3864
3877
3878
3879
3920
3922
3929
3931
3933
3938
3940
3949
3976
3984
3987
3988
3989
4001
4013
4016
4018
4022
4027
4030
4031
4037
4039
4040
4061
4071
4075
4090
4101
4136
4137
4142
4147
4152
4164
4165
4168
4194
4196
4198
4200
4210
4212
4219
4234
4240
4246
4416
4452
4465
4499
4505
4516
4535
4540
4549
4559
4578
4583
4585
4591
4595
4597
4602
4608
4611
4674
4681
4697
4730
4738
4748
4751
4767
4792
4823
4830
4836
4842
4848
4851
4854
4856
4859
4879
4881
4883
4885
4887
4889
4891
4893
4895
4897
4899
4901
4902
4903
4911
4912
4922
4925
4931
4992
4993
4995
4997
5000
5002
5006
5011
5014
5021
5030
5032
5033
5037
5042
5046
5099
5108
5127
5135
5153
5182
5202
5208
5214
5253
5261
5265
5277
5283
5288
5293
5318
5348
5350
5352
5354
5361
5367
5371
5377
5382
5414
5440
5442
5444
5454
5513
5518
5521
5524
5527
5538
5572
5577
5582
5591
5597
5602
5605
5609
5611
5613
5615
5617
5621
5622
5625
5638
5647
5651
5657
5661
5670
5672
5676
5678
5684
5686
5688
5694
5696
5702
5708
5710
5712
5714
5728
5746
5759
5770
5786
5793
5802
5816
5822
5825
5855
5869
5871
5877
5879
5881
5883
5885
5933
5942
5951
5993
5998
6042
6071
6093
6124
6166
6178
6182
6202
6249
6304
6337
6353
6367
6411
6423
6434
6437
6501
6558
6582
6619
6657
6662
6674
6681
6705
6733
6741
6758
6773
6789
6809
6822
6848
6871
6876
6898
6926
6931
6940
6958
6961
6970
6990
7032
7041
7050
7057
7113
7121
7131
7147
7154
7164
7167
7180
7194
7207
7215
7222
7227
7233
7236
7240
7251
7279
7285
7317
7328
7336
7368
7384
7389
7400
8240
8246
8276
8290
8478
8704
9896
9908
9922
9937
9945
9996
10025
10131
10147
10310
10331
10355
10407
10414
10422
10541
10616
10619
10713
10742
10756
10911
10927
11330
11334
11349
11376
11387
11443
11555
11974
12567
12684
12729
19973
25206
25207
25308
25323
25438
25456
25463
25566
25591
25594
25679
25701
25707
25718
25724
25729
25749
25767
25775
25821
25843
25863
25886
25891
25905
25996
26012
26100
26120
26163
26187
26225
26247
26262
26267
26287
26326
26356
26364
26438
26467
26487
26509
26513
26535
26541
26631
26632
26722
26742
26796
26810
26821
26847
26858
26868
26877
26900
26915
26942
26948
26955
26968
26974
26992
27017
27034
27093
27124
27153
27198
27278
27363
27382
27402
27413
27442
27490
27498
27517
27531
27555
27614
27623
27632
27678
27746
27758
27838
27863
27872
28050
28056
28119
28124
28133
28138
28145
28152
28170
28224
28235
28258
28302
28307
28310
28313
28387
28445
28471
28484
28486
28519
28535
28607
28612
28685
28775
28801
28823
28839
28860
28870
28878
28881
28938
28949
28956
28966
28976
29017
29053
29065
29074
29075
29106
29114
29126
29220
29259
29326
29347
29371
29381
29397
29408
29432
29440
29468
29489
29499
29554
29612
29635
29656
29663
29670
29699
29742
29775
29785
29790
29808
29819
29911
29923
29994
30038
30051
30057
30064
30073
30091
30100
30139
30157
30171
30183
30190
30243
30269
30277
30290
30325
30499
30587
30776
30856
30996
31028
31106
31169
31224
31236
31279
31337
31348
31361
31372
31382
31426
31530
31537
31543
31553
31573
31586
31616
31628
31646
31710
31726
31836
31936
32033
32043
32085
32127
32137
32164
32195
32201
32207
32246
32397
32398
32399
32406
32459
32491
32492
32501
32513
32526
32528
32553
32559
32565
32566
32569
32571
32575
32578
32580
32601
32612
32649
32658
32665
32667
32713
32716
32718
32725
32727
32730
32733
32736
32741
32746
32780
32783
32785
32787
32792
32798
32800
32804
32807
32810
32812
32926
32958
32980
32985
33022
33058
33186
33197
33202
33273
33313
33324
33330
33340
33343
33365
33395
33396
33403
33416
33417
33426
33430
33450
33452
33459
33461
33464
33481
33483
33515
33521
33522
33532
33541
33543
33547
33551
33554
33558
33559
33561
33563
33566
33570
33572
33575
33587
33588
33628
33712
33715
33717
33750
33751
33757
33760
33765
33769
33771
33778
33800
33814
33827
33836
33913
33915
33954
33960
33983
34007
34009
34021
34033
34037
34038
34063
34064
34065
34094
34157
34171
34201
34222
34236
34239
34243
34267
34279
34297
34298
34354
34435
34468
34482
34483
34487
34492
34503
34515
34547
34558
34584
34600
34606
34615
34620
34662
34744
34752
34777
34803
34824
34852
34862
34870
34887
34889
34912
34916
34928
34960
34965
35021
35022
35026
35034
35044
35061
35079
35081
35099
35106
35115
35206
35213
35222
35251
35277
35294
35324
35343
35346
35491
35563
35573
35580
35584
35591
35594
35605
35650
35666
35668
35793
35864
35865
35988
36018
36255
36259
36261
36263
36265
36267
36269
36271
36274
36276
36278
36281
36284
36287
36289
36291
36296
36322
36334
36357
36443
36467
36487
36517
36519
36565
36567
36569
36571
36573
36575
36577
36579
36581
36583
36585
36587
36609
36610
36670
36698
36725
36762
36764
36772
36841
36847
36848
36849
36893
36900
36901
36949
36966
36984
37018
37062
37104
37106
37108
37110
37114
37115
37117
37123
37127
37266
37368
37433
37520
37521
37523
37710
37732
37733
37734
37742
37775
37815
37824
37830
37841
37944
37954
37975
37984
38013
38103
38174
38177
38179
38181
38182
38185
38187
38232
38283
38285
38469
38470
38771
38845
38870
38871
38895
38995
39004
39155
39156
39338
39356
39408
39447
39461
39478
39484
39511
39528
39530
39532
39534
39536
39538
39540
39542
39548
39550
39552
39554
39556
39558
39563
39766
39831
39835
39839
39853
39854
39912
39918
39943
40009
40011
40013
40016
40018
40087
40088
40089
40148
40232
40312
40314
40316
40317
40318
40320
40336
40340
40345
40355
40432
40438
40442
40457
40467
40469
40471
40473
40489
40493
40496
40513
40559
40706
41038
41070
41176
41181
41186
41187
41190
41213
41214
41260
41316
41359
